C:\D\workspace\3d\build\
13
.txt
13.g2o
13_vspath.txt
data1_0.4 1037 data2_0.4 0 0
0.125686 0.0588822 -0.990321 0.780218 
-0.026505 0.99808 0.0559797 -0.0814614 
0.991716 0.0192126 0.127005 1.29349 
0 0 0 1 
data2_0.4 812 data3_0.4 0 0
0.999084 0.0189864 -0.0383391 0.0150589 
-0.0183714 0.999698 0.016329 -0.0188138 
0.0386376 -0.0156097 0.999131 -0.17912 
0 0 0 1
data3_0.4 737 data4_0.4 0 0
0.999087 -0.000699346 -0.0427123 -0.0490468 
0.000192452 0.999929 -0.0118706 0.00156015 
0.0427176 0.0118516 0.999017 0.307471 
0 0 0 1 
data4_0.4 664 data5_0.4 0 0
0.000113508 0.00947604 -0.999955 0.973563 
-0.00786171 0.999924 0.00947485 -0.012769 
0.999969 0.00786028 0.000187993 0.945414 
0 0 0 1 
data5_0.4 877 data6_0.4 0 0
1 0 0 0
0 1 0 0
0 0 1 0
0 0 0 1
data6_0.4 309 data7_0.4 0 0
-0.0895767 0.0744352 -0.993195 1.5184 
0.00642497 0.997226 0.0741579 -0.116492 
0.995959 0.000261575 -0.0898065 0.382924 
0 0 0 1 
data7_0.4 839 data8_0.4 0 0
0.999436 0.00772335 -0.032689 0.00984198 
-0.00771535 0.99997 0.000370928 0.000629753 
0.0326909 -0.000118511 0.999465 0.0715897 
0 0 0 1 
data8_0.4 665 data9_0.4 0 0
0.999077 0.0339778 0.0262932 -0.0352299 
-0.0344681 0.999236 0.0184241 -0.145882 
-0.0256471 -0.0193133 0.999484 -0.445011 
0 0 0 1 
data9_0.4 608 data1_0.4 0 1
0.0927876 0.0841888 -0.99212 -0.104976 
-0.0166227 0.996411 0.0829982 -0.0787196 
0.995547 0.00879051 0.0938541 1.6756 
0 0 0 1 
data1_0.4 420 data10_0.4 0 0
-0.0066325 0.0152661 -0.999861 0.906241 
-0.00362524 0.999876 0.0152904 -0.0278403 
0.999971 0.00372615 -0.00657636 2.8724 
0 0 0 1 
data10_0.4 775 data11_0.4 0 0
1 0 0 0 
0 1 0 0 
0 0 1 0 
0 0 0 1 
data11_0.4 675 data12_0.4 0 0
0.996388 -0.0102442 0.0842963 0.338915 
0.00984224 0.999938 0.0051822 -0.00606385 
-0.0843442 -0.00433382 0.996427 -0.198704 
0 0 0 1 
data5_0.4 482 data12_0.4 461 1
0.054739 -0.0207398 0.998285 -3.42891 
0.0571067 0.998213 0.017607 -0.0412693 
-0.996866 0.056045 0.0558256 2.71118 
0 0 0 1